Threads		Chunk	TimeElapsed 	
8			100		0.023373(Dynamic Scheduling)
8			100		0.025790)Static)

Create Run x10 grab averages.
Threads 4, 16, 32, 64, 128
Chunks 10, 50, 100, 200, 500, 10000, 50000


BASELINE MEASUREMENTS:
0.043488
0.047892
0.045050
0.042589
0.041309
0.044354
0.041942
0.040839
0.041651
0.041166

average is 0.043028
stdev is : 0.002216


4 8 12 16

STATIC n4 c10~~~~~~~~~~~~~~~~~~~~~~~~~~~~~~~~~~~
0.024870 
0.026802 
0.027695 
0.025017 
0.024277 
0.025136 
0.024636 
0.024499 
0.024512
0.024184
AVG:0.025163

c50
0.024265  
0.027215  
0.025949 
0.024472 
0.025023 
0.024362 
0.024072 
0.023928 
0.024683 
0.030151 
AVG:0.025412

c100
0.023318 
0.024934 
0.024684 
0.023624 
0.023524 
0.023904 
0.023966 
0.023686 
0.023658 
0.027837 
AVG:0.024313

c200
0.023120 
0.023225 
0.023978 
0.023101 
0.023630 
0.023458 
0.023688 
0.023486 
0.024824 
0.026038 
AVG:0.023855

c500
0.024694 
0.032719 
0.024512 
0.027018 
0.027628 
0.024639 
0.027613 
0.026501 
0.024081 
0.028377 
AVG:0.026778

c10000
0.025829 
0.025877 
0.027522 
0.025264 
0.029944 
0.027519 
0.025091 
0.028755 
0.026104 
0.026549 
AVG:0.026845

c50000
0.028497 
0.027574 
0.028424 
0.035202 
0.028231 
0.027553 
0.028792 
0.028574 
0.029036 
0.027162 
AVG:0.028904

///Static n8 c10///~~~~~~~~~~~~~~~~~~~~~~~~~~~~~~~~~~~
0.033586 
0.028590 
0.032997 
0.026999 
0.031306 
0.029824 
0.038642 
0.029135 
0.031914 
0.032077
AVG:0.031507

c50
0.027481 
0.028704 
0.028690 
0.035781 
0.028355 
0.030251 
0.030189 
0.027990 
0.029377 
0.028690 
AVG:0.029551

c100
0.027298 
0.031829 
0.026418 
0.030017 
0.030233 
0.026927 
0.030833 
0.029000 
0.029474 
0.030349 
AVG:0.029238

c200
0.031918 
0.026877 
0.036992 
0.029442 
0.029336 
0.026839 
0.033496 
0.026625 
0.028275 
0.028765 
AVG: 0.029857

c500
0.023418 
0.023968 
0.026006 
0.024646 
0.023019 
0.024401 
0.023793 
0.023695 
0.023529 
0.023722 
AVG: 0.024020

c10000
0.027057 
0.024908 
0.023297 
0.024211 
0.025271 
0.023290 
0.023380 
0.023396 
0.023178 
0.023301 
AVG:0.024129

c50000 
0.024207 
0.026631 
0.024307 
0.024784 
0.023422 
0.024558 
0.023559 
0.024029 
0.024167 
0.029619 
AVG:0.024928

///Static n12 c10 //~~~~~~~~~~~~~~~~~~~~~~~~~~~~~~~~~~~
0.026587 
0.026703 
0.025962 
0.026838 
0.027980 
0.026909 
0.026601 
0.026533 
0.026550 
0.027116 
AVG:0.026778

c50
0.025077 
0.024709 
0.027180 
0.025202 
0.025546 
0.025299 
0.025406 
0.026196 
0.024259 
0.025441 
AVG:0.025432

c100
0.024147 
0.024978 
0.024326 
0.026024 
0.027607 
0.025304 
0.024171 
0.024668 
0.025272 
0.024077 
AVG:0.025057

c500
0.024026 
0.026769 
0.024033 
0.023567 
0.024402 
0.024146 
0.023681 
0.023606 
0.023977 
0.024693 
AVG:0.024290

c10000
0.024199 
0.027506 
0.023691 
0.023725 
0.023802 
0.025559 
0.024453 
0.023589 
0.023213 
0.023925 
AVG:0.024366

c50000
0.025204 
0.027958 
0.026268 
0.024724 
0.024743 
0.025292 
0.024120 
0.024615 
0.024227 
0.029513
AVG:0.025666

///Static n16 c10 //~~~~~~~~~~~~~~~~~~~~~~~~~~~~~~~~~~~
0.027813 
0.028516 
0.028575 
0.027556 
0.027930 
0.027527 
0.027386 
0.027381 
0.026811 
0.027427 
AVG:0.027692

c50
0.026210 
0.025817 
0.025178 
0.025834 
0.027369 
0.026010 
0.025471 
0.025921 
0.025253 
0.025835 
AVG:0.025890

c100
0.025267 
0.026951 
0.026269 
0.024657 
0.025584 
0.025040 
0.025092 
0.025786 
0.024865 
0.025996 
AVG:0.025551

c500
0.024895 
0.024268 
0.024284 
0.024528 
0.024391 
0.024226 
0.026288 
0.024610 
0.024170 
0.024648 
AVG:0.024631

c10000
0.024225 
0.024570 
0.024689 
0.023712 
0.025395 
0.027925 
0.023806 
0.024460 
0.024730 
0.023785 
AVG:0.024730

c50000
0.025484 
0.030158 
0.025534 
0.025316 
0.025458 
0.025666 
0.024279 
0.025633 
0.025202 
0.024635 
AVG:0.025737

///DYNAMIC n4 c10 //~~~~~~~~~~~~~~~~~~~~~~~~~~~~~~~~~~~
0.049019 
0.049480 
0.050511 
0.049980 
0.049646 
0.049675 
0.049665 
0.051359 
0.050149 
0.049922 
AVG:0.0499406

c50
0.024892 
0.028809 
0.024226 
0.024911 
0.024479 
0.024619 
0.024477 
0.025285 
0.025157 
0.025670 
AVG:0.024628

c100
0.024628 
0.026834 
0.026683 
0.025036 
0.024807 
0.024767 
0.024114 
0.024263 
0.024507 
0.028699 
AVG:0.0254338

c500
0.023403 
0.022927 
0.023504 
0.027222 
0.023389 
0.023818 
0.023480 
0.023301 
0.023797 
0.023643 
AVG:0.0238484

c10000
0.023566 
0.026478 
0.023534 
0.023677 
0.023102 
0.023101 
0.023145 
0.023376 
0.023382 
0.026638
AVG:0.0239999

c50000
0.024959 
0.027644 
0.027373 
0.025821 
0.025173 
0.024644 
0.024885 
0.024477 
0.025275 
0.024804 
AVG:0.0255055

///DYNAMIC n8 c10 //~~~~~~~~~~~~~~~~~~~~~~~~~~~~~~~~~~~
0.039488 
0.039855 
0.036644 
0.038261 
0.039141 
0.040172 
0.039401 
0.042956 
0.040794 
0.042087
AVG:0.039880

c50
0.024437 
0.024800 
0.027072 
0.025463 
0.024169 
0.024989 
0.025423 
0.024801 
0.024999 
0.024669 
AVG:0.025082

c100
0.024100 
0.024056 
0.023292 
0.027071 
0.023570 
0.024230 
0.023579 
0.024243 
0.023637 
0.023992 
AVG:0.024177

c500
0.023438 
0.025848 
0.023934 
0.022716 
0.022624 
0.023386 
0.023168 
0.022956 
0.023070 
0.022817
AVG:0.023396

c10000
0.023472 
0.023163 
0.023982 
0.023282 
0.023587 
0.023517 
0.023511 
0.022992 
0.023627 
0.023091
AVG:0.023422

c50000
0.024361 
0.024646 
0.023918 
0.023947 
0.023708 
0.024246 
0.023919 
0.024063 
0.024674 
0.028905 
AVG:0.024639

///DYNAMIC n12 c10 //~~~~~~~~~~~~~~~~~~~~~~~~~~~~~~~~~~~
0.040151 
0.041252 
0.040823 
0.036698 
0.043171 
0.040765 
0.037863 
0.040084 
0.040452 
0.041149
AVG:0.040241

c50
0.025243 
0.025543 
0.024727 
0.024402 
0.025096 
0.025484 
0.025598 
0.025415 
0.025079 
0.025251
AVG:0.025184

c100
0.024490 
0.024258 
0.026244 
0.024998 
0.025183 
0.024744 
0.025108 
0.024292 
0.024397 
0.024830
AVG:0.024854

c500
0.023325 
0.024567 
0.023960 
0.023962 
0.023531 
0.023763 
0.023561 
0.023315 
0.023593 
0.023467
AVG:0.023704

c10000
0.024311 
0.024048 
0.023979 
0.023344 
0.023232 
0.026103 
0.023859 
0.023721 
0.023703 
0.024390 
AVG:0.024069

c50000
0.024033 
0.027501 
0.024722 
0.024808 
0.025309 
0.024806 
0.024854 
0.024745 
0.024375 
0.028299
AVG:0.025345

///DYNAMIC n16 c10 //~~~~~~~~~~~~~~~~~~~~~~~~~~~~~~~~~~~
0.041322 
0.041397 
0.040359 
0.041456 
0.041431 
0.041246 
0.040588 
0.041835 
0.038596 
0.041069 
AVG:0.040930

c50
0.025786 
0.025789 
0.026276 
0.026436 
0.026164 
0.026397 
0.027838 
0.025547 
0.025597 
0.025675
AVG:0.026151

c100
0.025132 
0.026874 
0.024810 
0.024756 
0.024793 
0.025499 
0.025348 
0.025291 
0.024922 
0.025214 
AVG:0.025264

c500
0.023967 
0.024242 
0.027957 
0.024216 
0.024669 
0.023948 
0.024198 
0.023761 
0.024160 
0.024078
AVG:0.024520

c10000
0.023582 
0.024043 
0.024158 
0.026419 
0.023359 
0.024208 
0.024426 
0.024523 
0.024747 
0.024865
AVG:0.024433

c50000
0.024972 
0.027672 
0.025526 
0.025573 
0.025396 
0.025127 
0.025504 
0.025334 
0.025228 
0.026180
AVG:0.025651



