MPI Results

mpicc -o blurMPI.c blurMPI

Processes 2
0.024507 
0.024211 
0.024414 
0.024950 
0.024364 
0.024464 
0.024399 
0.024488 
0.024298 
0.024211 

2.2
0.052505 
0.045922 
0.047529 
0.053292 
0.036913 
0.048653 
0.028990 
0.053051 
0.045276 
0.048434

average is 0.046057
stdev is : 0.007695


Processes 4
0.012974 
0.012934 
0.012972 
0.012964 
0.013653 
0.012952 
0.012952 
0.013027 
0.024433 
0.012904

4.2
0.024802 
0.026577 
0.027804 
0.025418 
0.027047 
0.026352 
0.025496 
0.026490 
0.025150 
0.024803

average is 0.025994
stdev is : 0.001013

Processes 6
0.016893 
0.016679 
0.016844 
0.016566 
0.016601 
0.016813 
0.016761 
0.016799 
0.016944 
0.016297

6.2
0.027805 
0.028051 
0.029233 
0.027793 
0.027758 
0.028053 
0.027644 
0.028245 
0.027786 
0.027824

average is 0.028019
stdev is : 0.000462


Processes 8
0.012698 
0.012813 
0.013000 
0.012735 
0.012655 
0.012722 
0.012660 
0.012837 
0.012619 
0.012977

8.2
0.026853 
0.026859 
0.027034 
0.026704 
0.026702 
0.026764 
0.026807 
0.026751 
0.026813 
0.027399

average is 0.026869
stdev is : 0.000210

Processes 10
0.019353 
0.021016 
0.019487 
0.019993 
0.019198 
0.021140 
0.019007 
0.020276 
0.020340 
0.021021

10.2
0.025564 
0.025647 
0.026412 
0.025851 
0.025279 
0.025433 
0.025380 
0.028121 
0.025422 
0.025482

average is 0.025859
stdev is : 0.000859

Processes 12
0.024253 
0.017268 
0.024956 
0.017243 
0.017229 
0.021910 
0.018363 
0.018768 
0.017102 
0.017322 

12.2
0.035316
0.035640
0.036418
0.035431
0.034387
0.035665
0.035009
0.034665
0.034470
0.040406

average is 0.035741
stdev is : 0.001753


